-1.6239881
-1.0618243
-1.3302606
-0.8884057
-0.9198156
-0.4542355
-0.2378872
-0.451436
-0.1417166
0.464144
0.8016596
0.2934546
1.1213746
0.8547785
1.2483002
1.8912561
1.8531781
1.9523057
1.8967559
2.7176396
2.2022322
2.5712507
3.3505474
3.5432877
3.4236653
4.0951618
3.9549787
4.5025232
3.7643277
4.666918
4.5328549
4.9349832
5.3850333
4.7989586
5.7666838
6.0690915
5.9136599
6.1221843
6.5711131
6.0160765
6.722859
6.492281
7.2993508
7.0432869
7.5261253
8.1722142
8.1273208
7.595554
8.3859757
8.3096467
